76 24 9.71429 7199.23
29 26 9.71429 6964.51
457 22 9.71429 5480.93
73 62 9.71429 5201.76
120 59 9.71429 5184.88
123 20 9.71429 4836.24
314 17 9.71429 4786.08
25 63 9.71429 4755.45
160 59 9.71429 4724.18
409 23 7.14286 4595.09
170 17 9.71429 4574.88
354 59 7.14286 4507.73
218 16 9.71429 4498.55
402 56 9.71429 4337.65
449 56 9.71429 4292.65
306 59 7.14286 4196.42
258 57 9.71429 4187.95
210 58 9.71429 3980.18
214 19 4.57143 3836.03
120 22 4.57143 3813.96
73 26 4.57143 3801.53
362 20 7.14286 3785.91
266 14 9.71429 3690.89
306 54 12.2857 3604.75
446 59 4.57143 3269.78
22 66 4.57143 3182.39
255 59 4.57143 3163.03
416 16 17.4286 3134.29
219 12 4.57143 3122.24
355 54 12.2857 3099.69
321 14 2 3084.04
