430 28 5.375 5951.19
380 69 5.375 5673.41
276 49 11.5625 5551.5
330 69 5.375 5516.48
230 28 4.8125 5329.86
31 69 5.375 5313.72
181 27 5.9375 5191.08
475 48 11.5625 5135.87
281 69 5.375 5134.98
22 15 9.3125 5114.12
225 49 10.4375 5073.81
274 6 12.125 5040.9
71 14 8.1875 5016.45
381 28 4.25 4974.58
27 50 12.125 4952
324 51 11.5625 4856.45
325 6 12.6875 4835.94
424 8 12.125 4824.17
80 69 5.375 4777.77
480 69 5.375 4776.73
181 69 5.375 4766.32
430 69 5.375 4761.73
124 10 11.5625 4740.51
376 45 13.25 4736.62
130 69 5.375 4733.2
330 29 5.375 4685.13
77 50 11.5625 4639.33
224 7 11.5625 4635.82
474 9 12.6875 4611.18
172 12 8.1875 4601.54
321 54 7.0625 4576.78
481 28 5.375 4494.9
424 51 8.1875 4481.68
129 27 6.5 4418.64
125 51 8.1875 4289.64
425 46 10.4375 4224.54
329 51 8.75 4177.93
169 11 4.25 4127.88
272 52 4.8125 4070.09
74 9 12.6875 4052.43
373 8 9.875 4011.16
175 48 9.3125 3988.76
18 16 4.25 3951.44
174 7 11.5625 3873.6
420 52 5.375 3840.38
30 27 6.5 3837.43
321 51 4.25 3821.11
281 28 5.375 3780.53
375 3 14.375 3775.22
431 54 5.375 3775.04
127 48 12.125 3763.42
68 15 4.8125 3750.24
118 14 5.375 3746.33
471 51 5.375 3734.9
380 26 6.5 3723.85
221 51 4.25 3717.85
226 7 6.5 3717.56
172 52 5.375 3672.18
381 12 5.375 3639.41
370 51 4.25 3634.45
369 12 5.9375 3611.15
82 55 5.375 3589.62
229 32 8.1875 3588.66
33 55 5.375 3569.05
81 52 8.1875 3554.05
420 11 5.375 3538.79
31 23 9.3125 3525.41
16 18 7.0625 3512.43
370 10 4.25 3504.8
217 11 6.5 3492.81
429 51 9.3125 3483.38
230 11 5.375 3448.4
276 10 8.75 3447.65
480 15 5.375 3436.59
330 54 5.9375 3431.92
280 8 7.0625 3428.79
272 8 7.0625 3418.66
80 28 5.375 3413.6
481 53 5.375 3412.6
281 54 5.375 3403.27
180 14 4.8125 3380.28
320 7 5.375 3361.7
370 53 7.0625 3356.12
280 33 9.3125 3344.67
122 52 3.6875 3314.7
431 13 4.8125 3309.07
133 54 4.8125 3282.62
429 11 7.625 3255.14
317 8 2 3233.13
31 53 8.1875 3212.78
232 55 5.375 3209.52
318 9 3.125 3204.62
27 18 4.25 3192.89
72 52 4.25 3177.51
131 7 3.125 3124.01
129 15 5.375 3105.58
481 22 11 3087.49
123 53 5.375 3073.13
53 40 2 3064.04
378 10 8.75 3052.28
269 8 4.25 3044.88
330 12 5.375 3030.64
480 51 8.1875 3027.05
